750
799 
726 731 
368 371 
343 344 
156 157 
846 847 
429 
334 
506 
521 522 
375 376 
409 410 
912 915 
407 408 
490 492 
6 8 
620 622 
795 796 
644 
118 119 
382 383 
255 
855 
579 580 
57 58 
523 524 
499 
609 612 
272 
301 
434 437 
958 960 
567 
668 670 
332 
390 392 
705 709 
975 
398 399 
517 518 
500 
825 828 
774 781 
595 598 
553 558 
939 
273 280 
551 
38 
183 185 
982 984 
353 355 
413 414 
279 
898 901 
491 
254 
181 
884 885 
891 892 
894 897 
226 227 
695 696 
339 341 
451 
740 744 
867 
391 
189 
372 373 
285 288 
889 
665 666 
509 
259 262 
969 
28 
94 95 
369 
952 953 
147 150 
536 
497 
857 858 
214 215 
381 
848 
20 26 
673 674 
568 571 
457 
803 
238 242 
792 
467 
861 862 
134 137 
937 940 
297 304 
933 
91 93 
606 
287 
879 881 
615 617 
534 535 
800 801 
716 717 
49 51 
403 405 
265 
816 817 
662 664 
586 587 
302 
96 97 
973 974 
866 868 
860 
217 
550 
139 
927 928 
198 199 
945 946 
481 482 
384 385 
637 643 
34 
401 402 
27 30 
916 918 
929 930 
428 432 
996 999 
0 2 
576 
813 814 
359 363 
873 876 
456 
70 
572 573 
840 841 
962 
460 
548 552 
463 
905 
211 
899 
459 461 
589 590 
423 
277 
416 
651 653 
60 
561 
853 856 
452 454 
697 698 
851 
818 824 
163 165 
10 12 
438 443 
335 336 
330 331 
153 155 
225 
967 968 
98 
956 957 
468 
202 
562 563 
525 527 
299 
386 388 
474 475 
545 547 
870 
663 
907 
347 
944 
761 
479 
559 
681 683 
850 
208 
588 
200 204 
714 715 
688 
258 
319 
701 703 
306 307 
880 
951 
640 
532 
770 773 
103 
660 661 
84 85 
345 350 
993 995 
779 
963 
4 
516 
605 
433 
314 
76 79 
17 
992 
641 
830 
502 
618 619 
484 487 
802 
832 833 
539 
508 
102 104 
804 
720 721 
759 760 
543 544 
961 965 
246 248 
450 
415 417 
749 750 
900 
812 
887 
105 108 
5 
652 
645 
526 
699 700 
100 
528 529 
52 53 
247 
671 
328 
40 44 
145 
768 
138 143 
387 
125 
151 152 
793 794 
106 
358 
455 458 
233 
421 
977 979 
161 162 
71 72 
270 271 
266 269 
510 511 
11 
837 838 
180 182 
485 
186 
908 
834 835 
607 608 
296 
166 
504 
164 
735 737 
90 
741 
219 
753 758 
906 
494 495 
757 
687 
168 169 
129 130 
111 
310 318 
755 
470 471 
464 465 
325 
99 101 
321 322 
886 
904 909 
788 789 
260 
92 
249 250 
78 
964 
404 
178 
610 
220 
976 
531 
790 
142 
890 
998 
584 
501 503 
22 
775 
990 991 
808 810 
844 
263 264 
831 
704 
179 
25 
765 769 
447 449 
313 
261 
472 
919 920 
739 
483 
109 
820 
228 
942 
719 
440 
337 338 
291 295 
797 798 
352 
389 
690 
512 513 
591 
917 
149 
546 
203 
627 
31 32 
158 160 
710 711 
809 
921 
312 
173 175 
346 
406 
210 
836 
77 
743 
73 
633 634 
537 542 
564 566 
581 582 
197 
114 115 
557 
805 806 
913 
171 172 
46 47 
675 676 
362 
985 988 
141 
994 
193 
575 
970 
782 783 
604 
113 
393 
300 
827 
466 469 
570 
66 67 
736 
316 
631 632 
684 685 
126 128 
910 911 
361 
317 
635 636 
236 237 
15 18 
243 244 
396 
324 327 
241 
59 61 
983 
777 
947 949 
48 
213 
936 
365 366 
628 630 
821 
379 
303 
941 943 
420 
274 
682 
496 498 
874 
422 424 
286 
7 
614 
986 
754 
926 
19 
446 
89 
924 
540 
842 
159 
370 
235 
611 
144 146 
577 578 
201 
357 
394 395 
922 
177 
549 
412 
987 
64 65 
730 
728 
925 
935 
367 
997 
864 
462 
81 
364 
733 
896 
348 
439 
923 
556 
431 
533 
275 
120 
583 585 
87 
223 224 
305 
488 
83 
206 207 
507 
430 
822 
756 
110 
871 872 
63 
505 
131 133 
707 
9 
819 
624 625 
212 
107 
448 
80 82 
771 
667 
36 37 
693 
679 
594 
712 
574 
815 
329 
599 600 
252 253 
43 
785 
294 
50 
477 
724 
62 
725 
256 257 
786 
565 
732 
657 659 
289 290 
766 
24 
727 
613 
751 752 
148 
245 
530 
123 124 
230 
196 
436 
74 
154 
216 
476 478 
45 
14 
13 
23 
112 
132 
176 
356 
354 
41 
29 
39 
135 
16 
3 
136 
121 
35 
75 
616 
971 
205 
251 
596 
222 
514 
869 
453 
240 
174 
127 
278 
648 
292 
1 
192 
411 
42 
276 
311 
283 
746 
170 
268 
435 
677 
184 
187 
122 
538 
267 
692 
282 
669 
865 
654 
784 
21 
33 
597 
284 
309 
378 
320 
882 883 
194 
209 
167 
298 
333 
231 234 
281 
56 
593 
232 
229 
400 
140 
308 
239 
442 
441 
342 
360 
473 
569 
515 
678 
747 
621 
520 
374 
349 
340 
778 
486 
691 
560 
351 
694 
191 195 
601 603 
541 
519 
729 
116 117 
489 
293 
555 
762 763 
650 
315 
218 221 
323 
493 
826 
638 
706 
888 
702 
425 
377 
592 
954 
655 
649 
723 
686 689 
672 
658 
623 
397 
950 
554 
629 
626 
893 
718 
86 88 
639 
647 
877 
767 
823 
839 
708 
978 
722 
807 
326 
745 
480 
852 
878 
829 
972 
738 
380 
444 445 
772 
859 
849 
602 
680 
642 
863 
646 
902 903 
959 
713 
742 
989 
426 427 
68 69 
656 
734 
748 
764 
955 
780 
776 
787 
895 
932 934 
845 
875 
843 
811 
791 
854 
914 
931 
188 190 
938 
948 
966 
54 55 
418 419 
980 981 
